0.04 0.04 3204272.50 1748292.25 292312 bunny-292312-00000.m4s
0.18 0.13 3284380.84 2516336.54 987680 bunny-987680-00001.m4s
0.37 0.19 3342525.25 2929430.90 987680 bunny-987680-00002.m4s
0.82 0.46 3409068.64 3169249.77 1791962 bunny-1791962-00003.m4s
1.20 0.38 3430577.36 3299913.56 1791962 bunny-1791962-00004.m4s
1.64 0.44 3462452.16 3381182.86 1791962 bunny-1791962-00005.m4s
2.09 0.44 3429425.37 3405304.11 1791962 bunny-1791962-00006.m4s
2.32 0.23 7118503.46 5261903.79 1791962 bunny-1791962-00007.m4s
2.56 0.24 6983296.04 6122599.92 1791962 bunny-1791962-00008.m4s
3.20 0.64 7174740.81 6648670.36 3676374 bunny-3676374-00009.m4s
3.79 0.59 7153440.38 6901055.37 3676374 bunny-3676374-00010.m4s
4.68 0.89 7242985.74 7072020.55 3676374 bunny-3676374-00011.m4s
4.79 0.10 42086594.90 24579307.73 3676374 bunny-3676374-00012.m4s
4.89 0.10 42411798.97 33495553.35 3676374 bunny-3676374-00013.m4s
4.99 0.10 41958461.88 37727007.61 3676374 bunny-3676374-00014.m4s
5.08 0.09 43585942.33 40656474.97 3676374 bunny-3676374-00015.m4s
5.13 0.05 41299698.42 40978086.69 3676374 bunny-3676374-00016.m4s
5.19 0.06 40279999.21 40629042.95 3676374 bunny-3676374-00017.m4s
5.23 0.04 39562071.12 40095557.04 3676374 bunny-3676374-00018.m4s
5.30 0.07 40670975.55 40383266.29 3676374 bunny-3676374-00019.m4s
5.35 0.05 41221936.02 40802601.16 3676374 bunny-3676374-00020.m4s
5.38 0.03 39625064.72 40213832.94 3676374 bunny-3676374-00021.m4s
5.51 0.13 42599294.51 41406563.73 3676374 bunny-3676374-00022.m4s
5.62 0.11 43099200.16 42252881.94 3676374 bunny-3676374-00023.m4s
5.73 0.11 41743849.66 41998365.80 3676374 bunny-3676374-00024.m4s
5.85 0.11 41960050.43 41979208.11 3676374 bunny-3676374-00025.m4s
5.96 0.11 39852124.49 40915666.30 3676374 bunny-3676374-00026.m4s
6.07 0.11 42327853.43 41621759.87 3676374 bunny-3676374-00027.m4s
6.44 0.37 12404440.12 27013099.99 3676374 bunny-3676374-00028.m4s
6.83 0.38 12255540.00 19634320.00 3676374 bunny-3676374-00029.m4s
