0.053221 0.291491 431299.718862 431299.718862 292312 bunny_292312_00000.m4s
0.345081 0.334087 437778.008714 434538.863788 292312 bunny_292312_00001.m4s
0.679696 0.454514 433905.428416 434222.146102 292312 bunny_292312_00002.m4s
1.134598 0.390307 433607.447079 433914.796590 292312 bunny_292312_00003.m4s
1.525172 0.383888 433293.036795 433603.916693 292312 bunny_292312_00004.m4s
1.909571 0.372400 435724.973739 434664.445216 292312 bunny_292312_00005.m4s
2.282278 0.183040 891171.797818 662918.121517 292312 bunny_292312_00006.m4s
2.465879 0.188794 891722.611330 777320.366424 292312 bunny_292312_00007.m4s
2.654947 0.186436 892230.270440 834775.318432 292312 bunny_292312_00008.m4s
2.841647 0.180546 890853.077007 862814.197720 292312 bunny_292312_00009.m4s
3.022867 0.175609 888337.798704 875575.998212 292312 bunny_292312_00010.m4s
3.198749 0.337939 785514.489804 830545.244008 292312 bunny_292312_00011.m4s
3.537378 0.228440 896060.052981 863302.648495 292312 bunny_292312_00012.m4s
3.766091 0.225512 897832.377407 880567.512951 292312 bunny_292312_00013.m4s
3.991901 0.226639 897568.251498 889067.882224 292312 bunny_292312_00014.m4s
4.218956 0.055572 3393217.596389 2141142.739307 292312 bunny_292312_00015.m4s
4.274760 0.076555 5680411.761803 3910777.250555 987680 bunny_987680_00016.m4s
4.351671 0.183155 5650687.461479 4780732.356017 1791962 bunny_1791962_00017.m4s
4.535095 0.169487 4039059.054513 4409895.705265 1791962 bunny_1791962_00018.m4s
4.704859 0.228117 5714366.145804 5062130.925534 1791962 bunny_1791962_00019.m4s
4.933694 0.166833 5240596.278112 5151363.601823 1791962 bunny_1791962_00020.m4s
5.100746 0.122776 4181410.578908 4666387.090366 1791962 bunny_1791962_00021.m4s
5.223818 0.433369 5259998.786410 4963192.938388 1791962 bunny_1791962_00022.m4s
5.657512 0.307357 5788784.958214 5375988.948301 1791962 bunny_1791962_00023.m4s
5.965311 0.933252 1888767.737613 3632378.342957 1791962 bunny_1791962_00024.m4s
6.898953 1.107035 1583913.899837 2608146.121397 1791962 bunny_1791962_00025.m4s
8.006467 0.475215 1563468.519738 2085807.320567 987680 bunny_987680_00026.m4s
8.482071 0.470550 1580618.222787 1833212.771677 987680 bunny_987680_00027.m4s
8.953044 0.473975 1568960.576356 1701086.674016 987680 bunny_987680_00028.m4s
9.427294 0.478797 1563818.677630 1632452.675823 987680 bunny_987680_00029.m4s
